%YAML:1.0
imgHeight: 480
imgWidth: 640
cx: 319.5
cy: 239.5
baseline: 0.075
fixed_focal_length: 525.0

