%YAML:1.0
minAspect: 4.7985461354255676e-01
maxAspect: 5.1133990287780762e-01
stepAspect: 8.9999997615814209e-01
minDisparity: 0.
minX: 0.
maxX: 589.
stepX: 0.1
minY: 43.
maxY: 218.
stepY: 0.1
yhLowerM: -0.25
yhLowerB: 140.0
yhUpperM: 0.28
yhUpperB: 145.0
dhLowerM: 9.2803463339805603e-02
dhLowerB: -3.8180594444274902e+00
dhUpperM: 9.6287280321121216e-02
dhUpperB: 4.6354184150695801e+00
minHeight: 64.
maxHeight: 432.
stepHeight: 8.9999997615814209e-01
