%YAML:1.0
minAspect: 4.8572435975074768e-01
maxAspect: 5.0596648454666138e-01
stepAspect: 8.9999997615814209e-01
minDisparity: 0.
minX: 10.
maxX: 960.
stepX: .1
minY: 142.
maxY: 247.
stepY: .1
yhLowerM: -2.1763080358505249e-01
yhLowerB: 210.0
yhUpperM: 0.25
yhUpperB: 210.0
dhLowerM: -2.3274615406990051e-02
dhLowerB: 2.3097684860229492e+01
dhUpperM: 1.2980195879936218e-01
dhUpperB: 2.5966295242309570e+01
minHeight: 58.
maxHeight: 300.
stepHeight: 8.9999997615814209e-01
