<?xml version="1.0"?>
<opencv_storage>
<HOG_MAT type_id="opencv-matrix">
  <rows>30</rows>
  <cols>4</cols>
  <dt>u</dt>
  <data>
    12 5 2 2 5 4 2 2 3 7 2 2 7 1 2 2 5 6 2 2 11 3 2 2 2 3 2 2 14 5 2 2 9
    4 2 2 7 4 2 2 5 0 2 2 9 0 2 2 11 7 2 2 8 14 2 2 10 14 2 2 7 14 2 2 3
    3 2 2 9 6 2 2 3 1 2 2 0 5 2 2 4 14 2 2 7 6 2 2 9 1 2 2 2 5 2 2 11 1
    2 2 3 5 2 2 6 14 2 2 11 5 2 2 5 1 2 2 7 0 2 2</data></HOG_MAT>
</opencv_storage>
