%YAML:1.0
minAspect: 4.8327842354774475e-01
maxAspect: 5.0957083702087402e-01
stepAspect: 8.5000002384185791e-01
minDisparity: 8.
minX: 0.
maxX: 581.
stepX: 0.20
minY: 62.
maxY: 211.
stepY: 0.20
yhLowerM: -4.2079191654920578e-02
yhLowerB: 1.0700946807861328e+02
yhUpperM: 4.5049142092466354e-02
yhUpperB: 1.7048080444335938e+02
dhLowerM: 8.1230163574218750e-02
dhLowerB: -2.1731381416320801e+00
dhUpperM: 1.0635232925415039e-01
dhUpperB: 1.9948258399963379e+00
minHeight: 72.
maxHeight: 390.
stepHeight: 8.5000001192092896e-01
